$ANSIBLE_VAULT;1.1;AES256
62333361666537363661393737343464653565623363326264613735336339376134643634343861
6538303330633764643739316463653533363361386530340a666337363161386535643461613864
61623038663735613637643734363538363935643462363035316130646662336130393534653739
6431373230386365360a303862346162356135616131653032383965343830363166383339623163
61383636656534656439643230656635383731306434316361643166373237313963363738623063
35663832386138353862646538626136306665643634343465623266616464666539323561616364
34386163623736306262373565663338326365653934393038326333343366643636623463323862
37346139666430343166663036626262613266356130333337346130383961356565303333386433
36333431326563333534323062373934633731613962386563366363393466356565393162616165
66633264306337666336393938336365656639616561376634656335326634313438333537373964
33343333323337613664396466376334623535313738613330333132396136306334343166316336
31663763363133666239333764386534363065653962643837353239343537376665323635656664
32363961343531623265623665316566636165363730653731303230376537323863623566633765
38336331616337313661643765323334653430643234613561646461386363623164363933343633
37623139646532306530363733363236613664333165386233323235376436313131633338356635
33386338356339653666626437323763656231326133623938356532336565646162633630663532
39333239393235623232626433306535346632383137316136613062363138363831396236653632
38333537306332376339333166353931353733653230303965373066346464623536353332616464
36373665646131643737626530333234363036313961393737653838353530373436633831306536
66613437643735666239336632643937356437643561316661356365636361363965376263343133
66653530376530383262303061336265623332653936366135313937666133323164646338363339
62663461313135633138656232353835353063616631386266386136633061616161393362303236
63646139646162636536653735313738666265653665326636353066383664346232306636623362
35393561356264333566373662303164376235353535663931336233343565346263653631623364
62646231643065653437393132323565353539383766643938373365383631323931316136393230
61306431656261383035643337313437333538353835383337653961323066613965383364333535
65353038303938656139363239333065353531653561656563316338656564313435613263613131
65393139646139336364666538336434343832633764663636343932336230363732306364396263
65343038326666636432343965303233623265633536633762333830656136346634313033643639
34396238373837363037633430616137666665353335356639333539326136363837616265326338
63366232663235313832326338353833333565306335383730653231346135653736623662356231
62336363373332313937393661633437376461313139663036313863393536663734323333313964
61393462633638653166346135366530373638323931666334386133376366363134363862396435
31653062336338333732396239333362313837393039303863396637323339366431336232316463
31623563663664303930326661393132623536343466643935623335616266623233666361636432
61303939653537626432346334323433663330323239393539313736656331643334333364366535
30333239616430646533616530623233626361393166333733316564633264626535373064656532
33663030333532383361626136383238656131353561336132333963646562346163306539323766
62646662386239316331303061613562363439616533326563316666373434363438393936626137
38653336336132356361323530623136313265393164373439626536656232646237376366323436
33663663303534366433633038616639306636313966316436396537623730643835383362303165
61393838623964663332333834666165623532333462633364373566333161343366303538343937
66613436663361386639333833633632656266343839393030623864613237376361376234633364
36323862393766653662383565626532613063616662623266623738386266343638613234663135
33386166363464633762656332313631323662333139386632363030663333666464616236633930
65346663616539346131323537643432653633366665356165306432336161623330323038653039
34646162653731363938363666306130613665643139306533626238656161643637623130353534
65303065613566613033653262646333663935386438373035346330396239623436646263663832
66623161343130656633643764636164353736336465393737383264353365333933666435343137
64303563353934623935383431623663663265376236336535333032663337633439353935653664
36306138396665376538313339303065643839323139363065616463626631343766623236656633
33636361366130333839666464373236353665333263626464623163333465653933303439303331
39353266383861336330636535383532306333353939663162343231306230666466616537366263
64393966303439366330326433633836383336366162383166366662306633616636353462613236
65656433653261353265613635343064383461383061396661393032346436333832333138353438
34613736643563633365643134396362303462626566323063646331626637653031323039393563
66666438393064643536373161373762346166336361306366336564303766613031393331363835
33643839356264303961643531303663366137636632653735343263656361626464366265343835
37653965656264616638653736653531623935316432616235356362333537343535643335376431
66313632613762613737396534633630326332326339313038366666353537316537623734623761
30633961353733313165333235396661346562616338323239393031646361643964643637336335
33616636633833303133616538316539393734353536613137336164366163363265623062353737
38643539393234336538313166383536653764643061343366613163343962396461653231636239
37303666303638383735393135613032666434393632653962653762303331663164363264386164
63393962633262363730666362386633373435383234373538653636376566353034663531623366
39663032356562656164386531613632653334616432383365616631343237633038333563646162
30393537326636376466316161343236393332363264353065346639656366303733636338653430
65623333616530663031343765346166356162373832633430656466646464326464366463313231
66393238626637643961323439666366393632393935333834353962323665393231373063366635
38613563303732366432336232636166333532633463313666653565663530366434646531306530
63373964333235653433353333633933326463313066343765623862666135366362336461613633
34666365613335646531333032316330323730353333396330336430653037366266356635333033
33613334666239643139643235633532393039383338386362663662663235323831346330393063
32393734393665616538373630626665643832653233393039653339336263353933616566653463
37613833663537313964633561623439383339336238333966303637373164373037663264653162
35303839333433656437306632363861353530346461303563393565616365613363656664353966
61666166306334343431373962383333366236363936383661633631323963653566386531383536
32306265643132323037346231306537656466636637306164653232633364393035333237373530
65626263656562616534643263303434333938383033376236616561663434336565663464323065
33666434326461326137336332353464333061643631323062623131653462663961356264356538
63353966393735613763633731303363366138646235376432613164333531323230613761323063
32636236303931313331346339316239643836383366353161323136323436393830353431626366
33636231383462323765353734316137383164343633363332323438313033366632616432323839
38396136633466383564363231373366366532373939643463343361326265353632336435393864
66616139396333396630363432613634663362656339626435326463373536313030366630653638
66376232623939633135663331393837323561383030613030653162303262333865373733663837
35356462613137633262376635653763386637633330643262636638613262643436346163306662
34633339323038306134636539396331306434393634623563326130616430626266313163383961
61326234303638353463353433653830663865613866343561633933396339643730616161363566
62356330666335663265636335303131306530623934613562343933666664366538623861353136
38386536363035396461613466376232386633613964323465326163336136373036393665653031
62386130333638306466623263306463646466366234643130373461643662656365636564613839
64316630366534653235386230663762666563653633393236366331336563343835333864623863
36613437386235633464306464613164626434396664343733346439356632326133636632313335
65346435303934656232376531383861316639653866353564656435643933346131393061623762
38373139303761306635636532383334626563306262376131353564396466636466326630333264
30633763313430313862333862383039616131353661326165623166326666353636353939366632
32363864656162343334313735366234616634303337353031653930336234333463323139356439
36653865393263343363616362396437316461323765343735353434306165666634373135343932
35393338616562326539643863313037323335646434663030393730313062653364316335353964
35616334356534663164666361663535353165316165373034323631316266373163326663343565
32373831646461346537616461643762643832643630353638376236666230643866376566393930
31306132383033623662346635663132663134663265653533663139336633336536653465646336
38373032313463373530373063653163346261396561666431353735323832376662663233326532
36633831356631643737316266623433303937356332376561653934393666616364623138383536
64633233626663313534663861636639343865383864373465353836363965646233333962663731
31396266663033313834623464333166353365393263363930626633343363333933646462643532
30616336646463383430393761373339333231303961323063343030316432633737353564643761
30383536363663303636363963653136633230623338386138336532653465353836343738303537
66643063356236316639316433653432383939316538343338663363313664353831303331363539
39303735386537383762336364316133626636386535353330356239396264313734653532323838
31343965646239383263346234303936323037616466346539636239653166353831646336343766
35633437396465383239653161396466383265646636363830626263356439383662366565633031
33373763383136343437303239663133613966633463383635343032303264393565366363636163
61646131626232636634313665633062616430656465353436376330623832643434376332303461
35613033356462333133336163383533323434626238643531323462626432373030356162386562
65613933366166353962393363656335356439366533623730663961316462313262306235653136
65613639643637643463343231663535643166343563383730373138343063656531356131366236
62613263386231626335663139303832393963346562653131383431303038663964313930396232
33353266313238373164313333346364313765393935363936613339316632313932373463663536
33306336306133663731313332366431633661643335613362633832613566323433363030613034
37633263343130316435376433626464633731663333383763333732313238663337626465313864
64393532646534643137373865623039363763656363303265626436633833616330643964356563
38343330303161646365366135396237336231616466613065303938613231656538613033623866
38323536303432386633653230623534366134613133633339613536646261626134323863333265
34346338323066356638643662616238363863393936333832363538616630383264373564356261
34643030343562363130393461373533336131653634646234323337663066643066666463316563
30653139633639626437306465353661653231376461343434323866383031333933643839333634
38373830653633353966363638353266376135623633626261623731356565326236343731363461
37393537306165396431303134653634636663653262323335373963363331366461623139346463
32613338326638353232336262303636333731663332396466323934663764666335626564313134
34326535373664336634386233613930393062643764366633646330363061393636653438393564
66383030656134373433626666363331663335343734393562316235333935396165623233363063
34663164633335626431646262313061383261626130383734346537396630373236323637323333
30376536623735666238363861363533663765653163353262663630336430666264363662316337
65663566303037363037383735346234333935623735633936353163316439316265393732383332
34346362623431613162376366393037353061353439383532616464306538626330393132343339
32613332353636376332373065623332656161383931343134653833396461656533323361313133
35343034373634353763373664343162363065313165323238313966373635646539373465616134
32343339303634306263343634323936383335343662343737363039343236333364356538633930
62353066666535336436666531356534626439663930346534613730323138353839353237363536
34623430666562663061646330306165336337633633383332653435386433376535333336613033
64393730353637653734613162333231323037393264633139316162376535366333633037396266
36316436313433393161646166366136643936353138373765363665326232663661336239363937
31663737303339313461376232343464366439613239363930303664663132393762393436303763
37363134646461336633386262623563396539313063313032666637343233356137663162663436
31306632383565353537663132616563366532663334353664636162666162386137343038653034
30626162303665613862383161656331363533346236303139393064643238303435343666383532
65343333316638653232646135643161343365373038396333653633336231666264333336333836
34383637313335353864376162336239663939633535643230643564656639383839313861633638
35326439373366623466353833303565356466303336333833613162666632633238666133663730
63363264306565313639656233636230346465343634643136313034616234623932363831623663
39373531353863386630326664333630613135396239656266383433303433613434363266346231
34616564623465326533303337663738316338646635666135313037636438323736656461386438
65326630313930393030643738336262633831646163333633323365336331363761336532636634
30303531613433373166333233303737626633336635383830623030383632646165633133313337
38613561306536636665303866393632346138346538623665316230383735376435306632643137
31373833303534383236353235356162316333356431663835633362313539383633663237303137
36613762396132326162356364316539666634396665363864353635373337623963326633306562
37303932336136353763663533303038663135613963353133316539643737306266353265646437
33626131653463323937643030653037663530326566316332363336373233366431663863383134
35366435643530343931626333386661363638626266656337366666363064613935383137653339
64346666373136336638613863336331366563353564656532623234663435313663343431633164
31356466316239303166373937346435343336656239363031333730306463643330646130303638
38376162383231333565393137313861613735376436353739636164313866626163303463313938
32396662333635633962396561313266313439376432346237626232376661383235353332636162
39383532303932373435346235663838666364393430323937326134393566353363633634663332
32393137623934643763353431326639336331393034313634626337373436333962323566613832
35336163343662393761383136613138303137653137373739306330613665363731316463633133
32393063303635393966386333303038663738643265646666393839643238636362646238653637
38666435316562653334666630323735346534643839623362343933326139383235303537643333
36323530643561303566313537636164356133333837666535323364346539323261376335666664
39613864303861373334313436363166613331393866623562396433643666353837
