$ANSIBLE_VAULT;1.1;AES256
32326434326237386664626632386163623032613637363265303237316234396561343164663436
3233303663613235346362663366303666613837393663360a343032616664666433333834333235
34623837396439326563386439376261356265643865396565373564333136383761613563346465
3537376563333537630a353136316136333937626561366537303561373932626532303031646335
38306532383866306630656636303030323936366666626137666264663839346262636235303338
32323064333330346164343165623265636539353638643462666632663366613937656564346566
38386136663365303530306365333762363136613365653737363338353435316438376637323739
30306634346262396464646335343662343636336238356431313739386630303163356266393132
30623431383730376162363962663561646163313338353936366461386636316630376330306239
39393663303134666233643163303838633536313165373830613032383935633530363834646235
61323666303730303733613264386561393862636237316666393262303762363066343065376235
35373963343034663562613036643962353961626339373438343665363261623165643361636463
66333263363139313366643164393836323365393565336631613639646438303938663134313535
61393065303433646361633431653736346263616565323036303465383732636439393030306131
37313136633166353266306332636636343935396332333335613633316133663935376131366137
30623564633562356234393831643037646239373636356130323263656138366336323739393339
30653963396438373434383639633532343836363136376134313034636235393663393334653630
61306463306264393238336633636265303064303234653332613161616530303932386165376437
37623235623632316262616134663133353639393933626330363237663165623163613736333032
62623430343933353131396162376265393635383462663835366135376264353463646661323432
62633463636232636364623035633230343739376435666565303439626539656662663035373061
32346130663530623562666631623963366438313339333661656531363834386463636662663761
39393431356433663361363261666137333866623765393634353739333962356465626563333736
39363066636538356164613061643135333737313231366538646636626634666634323033613362
64616463333831376562366166626163353338383735623766366364363836636434323934303463
31653764393931393663366331613462616132663130303338356661613163303738303737616335
62373235313836326636313830333366626635356434313361363834353530633232616336623861
39313031366530336637636431616139306561386662663137343266393935363963313535666235
62383863323630336163323330353864616430646434643066303262616436646266663361363431
32643435373333396433313166623065383036313636613337633535313763633965363532356138
66343339656330333139326133326435323130663539393538646232373438363934326364623834
37353539306136663363316632313430343436613566633334656463393133393236366261646263
61393234373662353534623461326234613363643738636464316465343765386165353562333531
3761313738383834623133313762666362373033663330356230
